ATT, 241513978, 7.32, -5.14, -1.97, -4.19, 0.00, 289.67, 0.13, 0.01

ATT, 241734214, 7.32, -5.09, -1.97, -4.24, 0.00, 291.41, 0.11, 0.03

ATT, 241774079, 7.32, -4.74, -1.97, -4.18, 0.00, 291.66, 0.11, 0.03

ATT, 241793678, 7.32, -4.55, -1.97, -4.13, 0.00, 291.77, 0.11, 0.03

ATT, 241813773, 7.32, -4.33, -1.97, -4.06, 0.00, 291.88, 0.11, 0.03

ATT, 241834242, 7.32, -4.10, -1.97, -3.98, 0.00, 291.98, 0.11, 0.03

ATT, 241854858, 7.32, -3.88, -1.97, -3.90, 0.00, 292.09, 0.09, 0.03

ATT, 241874200, 7.32, -3.67, -1.97, -3.79, 0.00, 292.22, 0.09, 0.03

ATT, 241892305, 7.32, -3.49, -1.97, -3.68, 0.00, 292.35, 0.09, 0.03

ATT, 241913803, 7.32, -3.33, -1.97, -3.56, 0.00, 292.49, 0.09, 0.03

ATT, 241934054, 7.32, -3.19, -1.97, -3.44, 0.00, 292.64, 0.09, 0.03

ATT, 241953754, 7.32, -3.09, -1.97, -3.31, 0.00, 292.79, 0.09, 0.03

ATT, 241974095, 7.32, -3.01, -1.97, -3.18, 0.00, 292.96, 0.09, 0.03

ATT, 241994136, 7.32, -2.95, -1.97, -3.06, 0.00, 293.11, 0.09, 0.03

ATT, 242013826, 7.32, -2.93, -1.97, -2.95, 0.00, 293.27, 0.09, 0.03

ATT, 242034189, 7.32, -2.94, -1.97, -2.85, 0.00, 293.41, 0.09, 0.03

ATT, 242054060, 7.32, -2.97, -1.97, -2.76, 0.00, 293.55, 0.09, 0.03

ATT, 242075071, 7.32, -2.99, -1.97, -2.68, 0.00, 293.67, 0.09, 0.04

ATT, 242092484, 7.32, -3.02, -1.97, -2.63, 0.00, 293.78, 0.09, 0.04

ATT, 242114304, 7.32, -3.06, -1.97, -2.60, 0.00, 293.88, 0.09, 0.04

ATT, 242134016, 7.32, -3.09, -1.97, -2.58, 0.00, 293.95, 0.09, 0.04

ATT, 242153845, 7.32, -3.11, -1.97, -2.58, 0.00, 294.00, 0.09, 0.04

ATT, 242173827, 7.32, -3.12, -1.97, -2.60, 0.00, 294.03, 0.09, 0.04

ATT, 242193837, 7.32, -3.13, -1.97, -2.62, 0.00, 294.05, 0.09, 0.04

ATT, 242214035, 7.32, -3.11, -1.97, -2.64, 0.00, 294.06, 0.09, 0.04

ATT, 242233981, 7.32, -3.10, -1.97, -2.67, 0.00, 294.06, 0.09, 0.04

ATT, 242254811, 7.32, -3.09, -1.97, -2.69, 0.00, 294.07, 0.10, 0.04

ATT, 242273828, 7.32, -3.07, -1.97, -2.72, 0.00, 294.09, 0.10, 0.04

ATT, 242292212, 7.32, -3.05, -1.97, -2.75, 0.00, 294.11, 0.10, 0.04

ATT, 242314104, 7.32, -3.04, -1.97, -2.76, 0.00, 294.15, 0.10, 0.04

ATT, 242334100, 7.32, -3.04, -1.97, -2.77, 0.00, 294.19, 0.10, 0.04

ATT, 242353782, 7.32, -3.05, -1.97, -2.78, 0.00, 294.25, 0.10, 0.04

ATT, 242373757, 7.32, -3.06, -1.97, -2.78, 0.00, 294.32, 0.10, 0.04

ATT, 242393764, 7.32, -3.07, -1.97, -2.79, 0.00, 294.41, 0.10, 0.05

ATT, 242413970, 7.32, -3.08, -1.97, -2.80, 0.00, 294.50, 0.10, 0.05

ATT, 242434085, 7.32, -3.11, -1.97, -2.82, 0.00, 294.60, 0.10, 0.05

ATT, 242453759, 7.32, -3.16, -1.97, -2.84, 0.00, 294.71, 0.10, 0.05

ATT, 242475099, 7.32, -3.19, -1.97, -2.86, 0.00, 294.83, 0.09, 0.05

ATT, 242494065, 7.32, -3.22, -1.97, -2.83, 0.00, 294.94, 0.09, 0.05

ATT, 242512277, 7.32, -3.27, -1.97, -2.81, 0.00, 295.06, 0.09, 0.05

ATT, 242534217, 7.32, -3.34, -1.97, -2.80, 0.00, 295.17, 0.09, 0.05

ATT, 242553870, 7.32, -3.41, -1.97, -2.79, 0.00, 295.28, 0.09, 0.05

ATT, 242573827, 7.32, -3.48, -1.97, -2.79, 0.00, 295.38, 0.09, 0.05

ATT, 242593841, 7.32, -3.56, -1.97, -2.81, 0.00, 295.47, 0.09, 0.05

ATT, 242613576, 7.32, -3.65, -1.97, -2.83, 0.00, 295.54, 0.09, 0.05

ATT, 242634184, 7.32, -3.75, -1.97, -2.86, 0.00, 295.59, 0.09, 0.05

ATT, 242654876, 7.32, -3.84, -1.97, -2.89, 0.00, 295.61, 0.08, 0.05

ATT, 242674106, 7.32, -3.92, -1.97, -2.95, 0.00, 295.61, 0.08, 0.05

ATT, 242694070, 7.32, -4.00, -1.97, -3.01, 0.00, 295.57, 0.08, 0.06

ATT, 242713715, 7.32, -4.08, -1.97, -3.08, 0.00, 295.51, 0.08, 0.06

ATT, 242734242, 7.32, -4.15, -1.97, -3.16, 0.00, 295.42, 0.08, 0.05

ATT, 242753884, 7.32, -4.18, -1.97, -3.23, 0.00, 295.33, 0.08, 0.05

ATT, 242773794, 7.32, -4.21, -1.97, -3.31, 0.00, 295.22, 0.08, 0.05

ATT, 242793710, 7.32, -4.24, -1.97, -3.39, 0.00, 295.08, 0.08, 0.05

ATT, 242813736, 7.32, -4.27, -1.97, -3.45, 0.00, 294.93, 0.08, 0.05

ATT, 242834307, 7.32, -4.27, -1.97, -3.50, 0.00, 294.76, 0.08, 0.04

ATT, 242854748, 7.32, -4.27, -1.97, -3.54, 0.00, 294.57, 0.08, 0.04

ATT, 242873912, 7.32, -4.28, -1.97, -3.60, 0.00, 294.38, 0.08, 0.04

ATT, 242894004, 7.32, -4.32, -1.97, -3.65, 0.00, 294.19, 0.08, 0.04

ATT, 242913960, 7.32, -4.36, -1.97, -3.71, 0.00, 294.00, 0.08, 0.04

ATT, 242933999, 7.32, -4.39, -1.97, -3.76, 0.00, 293.80, 0.08, 0.03

ATT, 242952267, 7.32, -4.44, -1.97, -3.82, 0.00, 293.59, 0.08, 0.03

ATT, 242973879, 7.32, -4.52, -1.97, -3.88, 0.00, 293.38, 0.08, 0.03

ATT, 242994121, 7.32, -4.61, -1.97, -3.95, 0.00, 293.17, 0.08, 0.03

ATT, 243014241, 7.32, -4.71, -1.97, -4.03, 0.00, 292.94, 0.08, 0.03

ATT, 243034534, 7.32, -4.82, -1.97, -4.10, 0.00, 292.71, 0.08, 0.03

ATT, 243053807, 7.32, -4.95, -1.97, -4.18, 0.00, 292.45, 0.08, 0.02

ATT, 243073725, 7.32, -5.09, -1.97, -4.26, 0.00, 292.19, 0.08, 0.02

ATT, 243094011, 7.32, -5.25, -1.97, -4.35, 0.00, 291.91, 0.08, 0.02

ATT, 243114766, 7.32, -5.39, -1.97, -4.43, 0.00, 291.61, 0.09, 0.02

ATT, 243134578, 7.32, -5.54, -1.97, -4.46, 0.00, 291.28, 0.09, 0.02

ATT, 243153890, 7.32, -5.68, -1.97, -4.49, 0.00, 290.95, 0.09, 0.02

ATT, 243173847, 7.32, -5.83, -1.97, -4.50, 0.00, 290.60, 0.09, 0.01

ATT, 243193810, 7.32, -6.01, -1.97, -4.49, 0.00, 290.24, 0.09, 0.01

ATT, 243213817, 7.32, -6.19, -1.97, -4.44, 0.00, 289.88, 0.09, 0.01

ATT, 243234141, 7.32, -6.35, -1.97, -4.38, 0.00, 289.52, 0.09, 0.01

ATT, 243253692, 7.32, -6.50, -1.97, -4.32, 0.00, 289.19, 0.09, 0.01

ATT, 243274845, 7.32, -6.68, -1.97, -4.26, 0.00, 288.84, 0.09, 0.00

ATT, 243294160, 7.32, -6.89, -1.97, -4.25, 0.00, 288.47, 0.09, 0.00

ATT, 243312211, 7.32, -7.05, -1.97, -4.23, 0.00, 288.16, 0.09, 0.00

ATT, 243334183, 7.32, -7.21, -1.97, -4.22, 0.00, 287.84, 0.09, 0.00

ATT, 243353712, 7.32, -7.35, -1.97, -4.20, 0.00, 287.50, 0.09, 0.00

ATT, 243373733, 7.32, -7.45, -1.97, -4.15, 0.00, 287.17, 0.09, 0.00

ATT, 243393988, 7.32, -7.54, -1.97, -4.06, 0.00, 286.85, 0.09, 0.00

ATT, 243414005, 7.32, -7.59, -1.97, -3.93, 0.00, 286.53, 0.09, 0.01

ATT, 243433933, 7.32, -7.56, -1.97, -3.76, 0.00, 286.21, 0.09, 0.00

ATT, 243453852, 7.32, -7.46, -1.97, -3.56, 0.00, 285.91, 0.09, 0.00

ATT, 243474832, 7.32, -7.32, -1.97, -3.32, 0.00, 285.60, 0.09, 0.01

ATT, 243493788, 7.32, -7.16, -1.97, -3.05, 0.00, 285.29, 0.09, 0.01

ATT, 243512905, 7.32, -6.97, -1.97, -2.73, 0.00, 284.99, 0.09, 0.01

ATT, 243534171, 7.32, -6.74, -1.97, -2.42, 0.00, 284.73, 0.09, 0.01

ATT, 243553854, 7.32, -6.49, -1.97, -2.13, 0.00, 284.50, 0.09, 0.01

ATT, 243573769, 7.32, -6.25, -1.97, -1.91, 0.00, 284.29, 0.09, 0.01

ATT, 243593801, 7.32, -6.02, -1.97, -1.78, 0.00, 284.10, 0.09, 0.01

ATT, 243613726, 7.32, -5.81, -1.97, -1.74, 0.00, 283.93, 0.09, 0.01

ATT, 243633863, 7.32, -5.65, -1.97, -1.78, 0.00, 283.79, 0.09, 0.01

ATT, 243654780, 7.32, -5.52, -1.97, -1.90, 0.00, 283.65, 0.09, 0.01

ATT, 243673876, 7.32, -5.38, -1.97, -2.06, 0.00, 283.52, 0.09, 0.01

ATT, 243694074, 7.32, -5.31, -1.97, -2.31, 0.00, 283.39, 0.09, 0.01

ATT, 243714244, 7.32, -5.34, -1.97, -2.62, 0.00, 283.26, 0.09, 0.01

ATT, 243734122, 7.32, -5.41, -1.97, -2.97, 0.00, 283.15, 0.09, 0.02

ATT, 243753747, 7.32, -5.53, -1.97, -3.41, 0.00, 283.04, 0.09, 0.03

ATT, 243772581, 7.32, -5.70, -1.97, -3.86, 0.00, 282.95, 0.09, 0.03

ATT, 243794062, 7.32, -5.96, -1.97, -4.32, 0.00, 282.88, 0.09, 0.03

ATT, 243813891, 7.32, -6.18, -1.97, -4.74, 0.00, 282.86, 0.09, 0.04

ATT, 243833844, 7.32, -6.31, -1.97, -5.09, 0.00, 282.88, 0.09, 0.04

ATT, 243854541, 7.32, -6.45, -1.97, -5.37, 0.00, 282.95, 0.09, 0.04

ATT, 243873836, 7.32, -6.67, -1.97, -5.61, 0.00, 283.00, 0.09, 0.04

ATT, 243893963, 7.32, -6.85, -1.97, -5.76, 0.00, 283.00, 0.09, 0.05

ATT, 243914036, 7.32, -6.93, -1.97, -5.87, 0.00, 283.00, 0.09, 0.05

ATT, 243934310, 7.32, -7.02, -1.97, -5.95, 0.00, 282.97, 0.09, 0.04

ATT, 243953886, 7.32, -7.11, -1.97, -6.06, 0.00, 282.91, 0.09, 0.04

ATT, 243973941, 7.32, -7.18, -1.97, -6.18, 0.00, 282.82, 0.09, 0.04

ATT, 243992631, 7.32, -7.22, -1.97, -6.32, 0.00, 282.74, 0.09, 0.04

ATT, 244014051, 7.32, -7.35, -1.97, -6.52, 0.00, 282.66, 0.09, 0.03

ATT, 244034051, 7.32, -7.58, -1.97, -6.79, 0.00, 282.55, 0.09, 0.03

ATT, 244054567, 7.32, -7.80, -1.97, -7.10, 0.00, 282.43, 0.08, 0.02

ATT, 244073737, 7.32, -8.02, -1.97, -7.43, 0.00, 282.29, 0.08, 0.02

ATT, 244093940, 7.32, -8.40, -1.97, -7.80, 0.00, 282.12, 0.08, 0.02

ATT, 244114078, 7.32, -8.82, -1.97, -8.26, 0.00, 281.94, 0.08, 0.02

ATT, 244134589, 7.32, -9.24, -1.97, -8.74, 0.00, 281.83, 0.08, 0.02

ATT, 244154242, 7.32, -9.67, -1.97, -9.16, 0.00, 281.86, 0.08, 0.01

ATT, 244173836, 7.32, -10.13, -1.97, -9.46, 0.00, 281.97, 0.08, 0.01

ATT, 244193815, 7.32, -10.52, -1.97, -9.65, 0.00, 282.10, 0.08, 0.01

ATT, 244213854, 7.32, -10.79, -1.97, -9.66, 0.00, 282.17, 0.08, 0.01

ATT, 244233993, 7.32, -10.94, -1.97, -9.47, 0.00, 282.10, 0.08, 0.01

ATT, 244254574, 7.32, -10.95, -1.97, -9.13, 0.00, 281.93, 0.09, 0.02

ATT, 244272453, 7.32, -10.84, -1.97, -8.72, 0.00, 281.70, 0.09, 0.02

ATT, 244294132, 7.32, -10.70, -1.97, -8.32, 0.00, 281.46, 0.09, 0.02

ATT, 244313819, 7.32, -10.53, -1.97, -7.99, 0.00, 281.22, 0.09, 0.03

ATT, 244334195, 7.32, -10.28, -1.97, -7.73, 0.00, 281.00, 0.09, 0.04

ATT, 244353826, 7.32, -10.04, -1.97, -7.52, 0.00, 280.83, 0.09, 0.05

ATT, 244373761, 7.32, -9.84, -1.97, -7.28, 0.00, 280.75, 0.09, 0.06

ATT, 244393998, 7.32, -9.63, -1.97, -7.00, 0.00, 280.75, 0.09, 0.06

ATT, 244414033, 7.32, -9.43, -1.97, -6.71, 0.00, 280.83, 0.09, 0.07

ATT, 244434203, 7.32, -9.23, -1.97, -6.40, 0.00, 280.93, 0.09, 0.06

ATT, 244453792, 7.32, -9.05, -1.97, -6.09, 0.00, 281.04, 0.09, 0.06

ATT, 244474774, 7.32, -8.89, -1.97, -5.78, 0.00, 281.14, 0.10, 0.06

ATT, 244494008, 7.32, -8.71, -1.97, -5.56, 0.00, 281.23, 0.10, 0.06

ATT, 244513723, 7.32, -8.48, -1.97, -5.37, 0.00, 281.34, 0.10, 0.06

ATT, 244534283, 7.32, -8.28, -1.97, -5.21, 0.00, 281.46, 0.10, 0.06

ATT, 244552386, 7.32, -8.13, -1.97, -5.10, 0.00, 281.57, 0.10, 0.06

ATT, 244574041, 7.32, -7.97, -1.97, -5.04, 0.00, 281.66, 0.10, 0.05

ATT, 244593728, 7.32, -7.79, -1.97, -5.00, 0.00, 281.77, 0.10, 0.05

ATT, 244613804, 7.32, -7.57, -1.97, -4.96, 0.00, 281.88, 0.10, 0.04

ATT, 244633997, 7.32, -7.40, -1.97, -4.97, 0.00, 281.98, 0.10, 0.04

ATT, 244654781, 7.32, -7.33, -1.97, -5.00, 0.00, 282.05, 0.08, 0.03

ATT, 244673908, 7.32, -7.24, -1.97, -5.04, 0.00, 282.12, 0.08, 0.03

ATT, 244693662, 7.32, -7.13, -1.97, -5.08, 0.00, 282.20, 0.08, 0.03

ATT, 244713842, 7.32, -7.07, -1.97, -5.12, 0.00, 282.28, 0.08, 0.02

ATT, 244734034, 7.32, -7.06, -1.97, -5.16, 0.00, 282.34, 0.08, 0.02

ATT, 244752905, 7.32, -7.10, -1.97, -5.21, 0.00, 282.39, 0.08, 0.02

ATT, 244773983, 7.32, -7.13, -1.97, -5.23, 0.00, 282.44, 0.08, 0.02

ATT, 244793915, 7.32, -7.13, -1.97, -5.26, 0.00, 282.48, 0.08, 0.01

ATT, 244813753, 7.32, -7.16, -1.97, -5.28, 0.00, 282.52, 0.08, 0.01

ATT, 244833924, 7.32, -7.23, -1.97, -5.27, 0.00, 282.55, 0.08, 0.01

ATT, 244854798, 7.32, -7.29, -1.97, -5.26, 0.00, 282.58, 0.10, 0.01

ATT, 244873776, 7.32, -7.29, -1.97, -5.26, 0.00, 282.60, 0.10, 0.01

ATT, 244893920, 7.32, -7.30, -1.97, -5.27, 0.00, 282.62, 0.10, 0.01

ATT, 244913647, 7.32, -7.35, -1.97, -5.30, 0.00, 282.63, 0.10, 0.01

ATT, 244933963, 7.32, -7.40, -1.97, -5.35, 0.00, 282.65, 0.10, 0.01

ATT, 244954182, 7.32, -7.44, -1.97, -5.42, 0.00, 282.67, 0.10, 0.01

ATT, 244974380, 7.32, -7.47, -1.97, -5.49, 0.00, 282.69, 0.10, 0.01

ATT, 244993935, 7.32, -7.52, -1.97, -5.57, 0.00, 282.70, 0.10, 0.01

ATT, 245013916, 7.32, -7.60, -1.97, -5.65, 0.00, 282.70, 0.10, 0.01

ATT, 245033978, 7.32, -7.67, -1.97, -5.72, 0.00, 282.69, 0.10, 0.01

ATT, 245054913, 7.32, -7.71, -1.97, -5.80, 0.00, 282.67, 0.11, 0.01

ATT, 245074001, 7.32, -7.79, -1.97, -5.80, 0.00, 282.64, 0.11, 0.01

ATT, 245093719, 7.32, -7.90, -1.97, -5.80, 0.00, 282.60, 0.11, 0.00

ATT, 245113988, 7.32, -8.00, -1.97, -5.79, 0.00, 282.54, 0.11, 0.00

ATT, 245134162, 7.32, -8.08, -1.97, -5.78, 0.00, 282.48, 0.11, 0.01

ATT, 245154393, 7.32, -8.14, -1.97, -5.76, 0.00, 282.40, 0.11, 0.01

ATT, 245172438, 7.32, -8.21, -1.97, -5.74, 0.00, 282.32, 0.11, 0.01

ATT, 245193813, 7.32, -8.25, -1.97, -5.73, 0.00, 282.24, 0.11, 0.01

ATT, 245213891, 7.32, -8.27, -1.97, -5.71, 0.00, 282.17, 0.11, 0.01

ATT, 245233922, 7.32, -8.29, -1.97, -5.69, 0.00, 282.09, 0.11, 0.01

ATT, 245254732, 7.32, -8.29, -1.97, -5.68, 0.00, 282.02, 0.10, 0.01

ATT, 245274037, 7.32, -8.25, -1.97, -5.72, 0.00, 281.93, 0.10, 0.01

ATT, 245293785, 7.32, -8.19, -1.97, -5.76, 0.00, 281.86, 0.10, 0.01

ATT, 245313737, 7.32, -8.11, -1.97, -5.80, 0.00, 281.80, 0.10, 0.01

ATT, 245334103, 7.32, -8.04, -1.97, -5.84, 0.00, 281.74, 0.10, 0.01

ATT, 245354003, 7.32, -7.98, -1.97, -5.87, 0.00, 281.67, 0.10, 0.02

ATT, 245374086, 7.32, -7.90, -1.97, -5.88, 0.00, 281.61, 0.10, 0.02

ATT, 245392402, 7.32, -7.81, -1.97, -5.90, 0.00, 281.54, 0.10, 0.02

ATT, 245413966, 7.32, -7.72, -1.97, -5.90, 0.00, 281.48, 0.10, 0.02

ATT, 245434063, 7.32, -7.63, -1.97, -5.91, 0.00, 281.41, 0.10, 0.02

ATT, 245453671, 7.32, -7.54, -1.97, -5.90, 0.00, 281.35, 0.10, 0.02

ATT, 245474752, 7.32, -7.45, -1.97, -5.89, 0.00, 281.28, 0.09, 0.02

ATT, 245494049, 7.32, -7.36, -1.97, -5.85, 0.00, 281.22, 0.09, 0.02

ATT, 245513999, 7.32, -7.28, -1.97, -5.80, 0.00, 281.16, 0.09, 0.02

ATT, 245534255, 7.32, -7.21, -1.97, -5.76, 0.00, 281.11, 0.09, 0.02

ATT, 245553804, 7.32, -7.14, -1.97, -5.72, 0.00, 281.07, 0.09, 0.02

ATT, 245574073, 7.32, -7.06, -1.97, -5.68, 0.00, 281.04, 0.09, 0.02

ATT, 245593626, 7.32, -6.98, -1.97, -5.64, 0.00, 281.01, 0.09, 0.02

ATT, 245612539, 7.32, -6.91, -1.97, -5.58, 0.00, 281.00, 0.09, 0.02

ATT, 245634289, 7.32, -6.86, -1.97, -5.52, 0.00, 280.98, 0.09, 0.02

ATT, 245653783, 7.32, -6.79, -1.97, -5.45, 0.00, 280.97, 0.09, 0.02

ATT, 245674517, 7.32, -6.69, -1.97, -5.39, 0.00, 280.97, 0.09, 0.01

ATT, 245693728, 7.32, -6.59, -1.97, -5.34, 0.00, 280.97, 0.09, 0.01

ATT, 245714004, 7.32, -6.50, -1.97, -5.29, 0.00, 280.98, 0.09, 0.01

ATT, 245734173, 7.32, -6.41, -1.97, -5.24, 0.00, 280.99, 0.09, 0.01

ATT, 245753998, 7.32, -6.31, -1.97, -5.20, 0.00, 281.00, 0.09, 0.01

ATT, 245774113, 7.32, -6.20, -1.97, -5.17, 0.00, 281.02, 0.09, 0.01

ATT, 245793805, 7.32, -6.10, -1.97, -5.14, 0.00, 281.05, 0.09, 0.01

ATT, 245813997, 7.32, -6.02, -1.97, -5.12, 0.00, 281.09, 0.09, 0.01

ATT, 245834297, 7.32, -5.93, -1.97, -5.10, 0.00, 281.14, 0.09, 0.01

ATT, 245853811, 7.32, -5.84, -1.97, -5.07, 0.00, 281.19, 0.09, 0.01

ATT, 245874575, 7.32, -5.76, -1.97, -5.04, 0.00, 281.24, 0.10, 0.01

ATT, 245893797, 7.32, -5.72, -1.97, -5.05, 0.00, 281.28, 0.10, 0.01

ATT, 245913682, 7.32, -5.68, -1.97, -5.06, 0.00, 281.33, 0.10, 0.00

ATT, 245934190, 7.32, -5.64, -1.97, -5.06, 0.00, 281.39, 0.10, 0.00

ATT, 245954174, 7.32, -5.61, -1.97, -5.05, 0.00, 281.43, 0.10, 0.00

ATT, 245974115, 7.32, -5.59, -1.97, -5.04, 0.00, 281.47, 0.10, 0.00

ATT, 245994065, 7.32, -5.58, -1.97, -5.02, 0.00, 281.51, 0.10, 0.00

ATT, 246013856, 7.32, -5.56, -1.97, -4.99, 0.00, 281.55, 0.10, 0.00

ATT, 246034016, 7.32, -5.54, -1.97, -4.95, 0.00, 281.59, 0.10, 0.00

ATT, 246052562, 7.32, -5.53, -1.97, -4.90, 0.00, 281.64, 0.10, 0.00

ATT, 246074824, 7.32, -5.51, -1.97, -4.86, 0.00, 281.68, 0.08, 0.00

ATT, 246093845, 7.32, -5.47, -1.97, -4.78, 0.00, 281.73, 0.08, 0.00

ATT, 246113909, 7.32, -5.43, -1.97, -4.72, 0.00, 281.79, 0.08, 0.00

ATT, 246134200, 7.32, -5.39, -1.97, -4.67, 0.00, 281.85, 0.08, 0.00

ATT, 246153978, 7.32, -5.34, -1.97, -4.62, 0.00, 281.91, 0.08, 0.00

ATT, 246174183, 7.32, -5.28, -1.97, -4.58, 0.00, 281.97, 0.08, 0.00

ATT, 246193700, 7.32, -5.22, -1.97, -4.54, 0.00, 282.03, 0.08, 0.00

ATT, 246213922, 7.32, -5.16, -1.97, -4.51, 0.00, 282.09, 0.08, 0.00

ATT, 246234234, 7.32, -5.10, -1.97, -4.49, 0.00, 282.14, 0.08, 0.00

ATT, 246254468, 7.32, -5.03, -1.97, -4.48, 0.00, 282.19, 0.07, 0.00

ATT, 246273807, 7.32, -4.97, -1.97, -4.47, 0.00, 282.25, 0.07, 0.00

ATT, 246293727, 7.32, -4.93, -1.97, -4.47, 0.00, 282.31, 0.07, 0.00

ATT, 246312313, 7.32, -4.87, -1.97, -4.47, 0.00, 282.37, 0.07, 0.00

ATT, 246334082, 7.32, -4.82, -1.97, -4.49, 0.00, 282.42, 0.07, 0.00

ATT, 246353783, 7.32, -4.77, -1.97, -4.51, 0.00, 282.47, 0.07, 0.00

ATT, 246373919, 7.32, -4.74, -1.97, -4.53, 0.00, 282.51, 0.07, 0.00

ATT, 246393782, 7.32, -4.72, -1.97, -4.55, 0.00, 282.55, 0.07, 0.00

ATT, 246413898, 7.32, -4.66, -1.97, -4.58, 0.00, 282.60, 0.07, 0.01

ATT, 246434240, 7.32, -4.62, -1.97, -4.60, 0.00, 282.64, 0.07, 0.01

ATT, 246453978, 7.32, -4.60, -1.97, -4.61, 0.00, 282.68, 0.07, 0.01

ATT, 246474961, 7.32, -4.58, -1.97, -4.62, 0.00, 282.71, 0.07, 0.00

ATT, 246494010, 7.32, -4.55, -1.97, -4.63, 0.00, 282.74, 0.07, 0.00

ATT, 246513941, 7.32, -4.53, -1.97, -4.63, 0.00, 282.77, 0.07, 0.01

ATT, 246534046, 7.32, -4.52, -1.97, -4.65, 0.00, 282.80, 0.07, 0.01

ATT, 246553682, 7.32, -4.50, -1.97, -4.66, 0.00, 282.83, 0.07, 0.01

ATT, 246572528, 7.32, -4.48, -1.97, -4.68, 0.00, 282.85, 0.07, 0.01

ATT, 246593991, 7.32, -4.46, -1.97, -4.70, 0.00, 282.87, 0.07, 0.01

ATT, 246614134, 7.32, -4.46, -1.97, -4.73, 0.00, 282.88, 0.07, 0.01

ATT, 246634295, 7.32, -4.46, -1.97, -4.76, 0.00, 282.89, 0.07, 0.01

ATT, 246654038, 7.32, -4.46, -1.97, -4.78, 0.00, 282.91, 0.07, 0.01

ATT, 246674509, 7.32, -4.46, -1.97, -4.79, 0.00, 282.92, 0.09, 0.01

ATT, 246693716, 7.32, -4.39, -1.97, -4.75, 0.00, 282.92, 0.09, 0.01

ATT, 246713748, 7.32, -4.33, -1.97, -4.69, 0.00, 282.93, 0.09, 0.01

ATT, 246734204, 7.32, -4.28, -1.97, -4.62, 0.00, 282.95, 0.09, 0.01

ATT, 246753734, 7.32, -4.23, -1.97, -4.54, 0.00, 282.97, 0.09, 0.01

ATT, 246774230, 7.32, -4.16, -1.97, -4.46, 0.00, 282.99, 0.09, 0.01

ATT, 246793793, 7.32, -4.09, -1.97, -4.41, 0.00, 283.01, 0.09, 0.01

ATT, 246812297, 7.32, -4.05, -1.97, -4.37, 0.00, 283.04, 0.09, 0.01

ATT, 246834406, 7.32, -4.00, -1.97, -4.34, 0.00, 283.07, 0.09, 0.01

ATT, 246854851, 7.32, -3.95, -1.97, -4.33, 0.00, 283.08, 0.08, 0.01

ATT, 246873833, 7.32, -3.94, -1.97, -4.36, 0.00, 283.11, 0.08, 0.01

ATT, 246893634, 7.32, -3.95, -1.97, -4.39, 0.00, 283.12, 0.08, 0.01

ATT, 246913681, 7.32, -3.97, -1.97, -4.42, 0.00, 283.13, 0.08, 0.01

ATT, 246934209, 7.32, -3.99, -1.97, -4.45, 0.00, 283.14, 0.08, 0.01

ATT, 246953754, 7.32, -4.01, -1.97, -4.47, 0.00, 283.16, 0.08, 0.01

ATT, 246974255, 7.32, -4.04, -1.97, -4.50, 0.00, 283.18, 0.08, 0.01

ATT, 246994232, 7.32, -4.08, -1.97, -4.51, 0.00, 283.20, 0.08, 0.01

ATT, 247013713, 7.32, -4.12, -1.97, -4.51, 0.00, 283.23, 0.08, 0.01

ATT, 247034149, 7.32, -4.16, -1.97, -4.51, 0.00, 283.26, 0.08, 0.01

ATT, 247052548, 7.32, -4.21, -1.97, -4.49, 0.00, 283.29, 0.08, 0.01

ATT, 247073741, 7.32, -4.24, -1.97, -4.48, 0.00, 283.33, 0.08, 0.01

ATT, 247093753, 7.32, -4.28, -1.97, -4.46, 0.00, 283.36, 0.08, 0.01

ATT, 247114714, 7.32, -4.33, -1.97, -4.44, 0.00, 283.38, 0.07, 0.01

ATT, 247134163, 7.32, -4.36, -1.97, -4.42, 0.00, 283.39, 0.07, 0.01

ATT, 247154115, 7.32, -4.39, -1.97, -4.42, 0.00, 283.40, 0.07, 0.01

ATT, 247173992, 7.32, -4.40, -1.97, -4.43, 0.00, 283.41, 0.07, 0.01

ATT, 247194001, 7.32, -4.42, -1.97, -4.43, 0.00, 283.41, 0.07, 0.01

ATT, 247214117, 7.32, -4.43, -1.97, -4.44, 0.00, 283.42, 0.07, 0.01

ATT, 247233927, 7.32, -4.44, -1.97, -4.45, 0.00, 283.43, 0.07, 0.01

ATT, 247252588, 7.32, -4.43, -1.97, -4.46, 0.00, 283.44, 0.07, 0.01

ATT, 247274729, 7.32, -4.42, -1.97, -4.47, 0.00, 283.45, 0.07, 0.01

ATT, 247293912, 7.32, -4.40, -1.97, -4.46, 0.00, 283.46, 0.07, 0.01

ATT, 247313689, 7.32, -4.38, -1.97, -4.45, 0.00, 283.47, 0.07, 0.01

ATT, 247333983, 7.32, -4.36, -1.97, -4.43, 0.00, 283.48, 0.07, 0.01

ATT, 247353878, 7.32, -4.33, -1.97, -4.40, 0.00, 283.48, 0.07, 0.01

ATT, 247374063, 7.32, -4.28, -1.97, -4.36, 0.00, 283.49, 0.07, 0.01

ATT, 247393962, 7.32, -4.24, -1.97, -4.31, 0.00, 283.51, 0.07, 0.01

ATT, 247414084, 7.32, -4.19, -1.97, -4.26, 0.00, 283.51, 0.07, 0.01

ATT, 247434128, 7.32, -4.13, -1.97, -4.20, 0.00, 283.53, 0.07, 0.00

ATT, 247453793, 7.32, -4.08, -1.97, -4.13, 0.00, 283.54, 0.07, 0.00

ATT, 247473270, 7.32, -4.01, -1.97, -4.06, 0.00, 283.56, 0.06, 0.00

ATT, 247493834, 7.32, -3.94, -1.97, -4.00, 0.00, 283.58, 0.06, 0.00

ATT, 247514058, 7.32, -3.87, -1.97, -3.95, 0.00, 283.60, 0.06, 0.00

ATT, 247534278, 7.32, -3.80, -1.97, -3.90, 0.00, 283.62, 0.06, 0.00

ATT, 247554092, 7.32, -3.74, -1.97, -3.84, 0.00, 283.64, 0.06, 0.00

ATT, 247573673, 7.32, -3.68, -1.97, -3.79, 0.00, 283.67, 0.06, 0.00

ATT, 247594064, 7.32, -3.62, -1.97, -3.74, 0.00, 283.69, 0.06, 0.00

ATT, 247613946, 7.32, -3.57, -1.97, -3.69, 0.00, 283.71, 0.06, 0.00

ATT, 247634002, 7.32, -3.52, -1.97, -3.65, 0.00, 283.73, 0.06, 0.00

ATT, 247653894, 7.32, -3.49, -1.97, -3.62, 0.00, 283.75, 0.06, 0.00

ATT, 247674789, 7.32, -3.45, -1.97, -3.59, 0.00, 283.76, 0.06, 0.00

ATT, 247693610, 7.32, -3.42, -1.97, -3.59, 0.00, 283.79, 0.06, 0.00

ATT, 247713882, 7.32, -3.40, -1.97, -3.59, 0.00, 283.80, 0.06, 0.00

ATT, 247733966, 7.32, -3.38, -1.97, -3.59, 0.00, 283.82, 0.06, 0.01

ATT, 247752403, 7.32, -3.38, -1.97, -3.60, 0.00, 283.83, 0.06, 0.01

ATT, 247774083, 7.32, -3.39, -1.97, -3.61, 0.00, 283.84, 0.06, 0.01

ATT, 247794185, 7.32, -3.40, -1.97, -3.62, 0.00, 283.86, 0.06, 0.01

ATT, 247813986, 7.32, -3.42, -1.97, -3.65, 0.00, 283.87, 0.06, 0.01

ATT, 247834078, 7.32, -3.45, -1.97, -3.67, 0.00, 283.88, 0.06, 0.01

ATT, 247853714, 7.32, -3.50, -1.97, -3.68, 0.00, 283.89, 0.06, 0.01

ATT, 247874790, 7.32, -3.54, -1.97, -3.70, 0.00, 283.90, 0.06, 0.01

ATT, 247893743, 7.32, -3.61, -1.97, -3.70, 0.00, 283.91, 0.06, 0.01

ATT, 247913833, 7.32, -3.68, -1.97, -3.70, 0.00, 283.92, 0.06, 0.01

ATT, 247934261, 7.32, -3.76, -1.97, -3.70, 0.00, 283.93, 0.06, 0.01

ATT, 247953675, 7.32, -3.84, -1.97, -3.69, 0.00, 283.94, 0.06, 0.01

ATT, 247974281, 7.32, -3.91, -1.97, -3.69, 0.00, 283.94, 0.06, 0.01

ATT, 247993092, 7.32, -3.98, -1.97, -3.68, 0.00, 283.95, 0.06, 0.01

ATT, 248014287, 7.32, -4.04, -1.97, -3.67, 0.00, 283.95, 0.06, 0.01

ATT, 248034224, 7.32, -4.11, -1.97, -3.67, 0.00, 283.95, 0.06, 0.01

ATT, 248053752, 7.32, -4.17, -1.97, -3.67, 0.00, 283.96, 0.06, 0.01

ATT, 248073748, 7.32, -4.22, -1.97, -3.67, 0.00, 283.97, 0.06, 0.01

ATT, 248094588, 7.32, -4.25, -1.97, -3.67, 0.00, 283.98, 0.07, 0.01

ATT, 248113820, 7.32, -4.27, -1.97, -3.65, 0.00, 283.99, 0.07, 0.01

ATT, 248134329, 7.32, -4.30, -1.97, -3.63, 0.00, 283.99, 0.07, 0.01

ATT, 248154101, 7.32, -4.33, -1.97, -3.61, 0.00, 284.00, 0.07, 0.01

ATT, 248173929, 7.32, -4.34, -1.97, -3.59, 0.00, 284.01, 0.07, 0.01

ATT, 248194063, 7.32, -4.34, -1.97, -3.56, 0.00, 284.01, 0.07, 0.01

ATT, 248214003, 7.32, -4.36, -1.97, -3.54, 0.00, 284.00, 0.07, 0.01

ATT, 248234433, 7.32, -4.40, -1.97, -3.53, 0.00, 283.97, 0.07, 0.01

ATT, 248254004, 7.32, -4.40, -1.97, -3.52, 0.00, 283.93, 0.07, 0.01

ATT, 248273475, 7.32, -4.42, -1.97, -3.52, 0.00, 283.90, 0.08, 0.01

ATT, 248293825, 7.32, -4.42, -1.97, -3.60, 0.00, 283.88, 0.08, 0.01

ATT, 248313735, 7.32, -4.42, -1.97, -3.69, 0.00, 283.87, 0.08, 0.01

ATT, 248333879, 7.32, -4.42, -1.97, -3.79, 0.00, 283.87, 0.08, 0.01

ATT, 248353807, 7.32, -4.41, -1.97, -3.90, 0.00, 283.90, 0.08, 0.01

ATT, 248373991, 7.32, -4.41, -1.97, -4.01, 0.00, 283.94, 0.08, 0.01

ATT, 248393930, 7.32, -4.41, -1.97, -4.12, 0.00, 284.01, 0.08, 0.01

ATT, 248414074, 7.32, -4.40, -1.97, -4.22, 0.00, 284.10, 0.08, 0.01

ATT, 248434180, 7.32, -4.40, -1.97, -4.30, 0.00, 284.18, 0.08, 0.02

ATT, 248453722, 7.32, -4.42, -1.97, -4.37, 0.00, 284.27, 0.08, 0.02

ATT, 248473654, 7.32, -4.44, -1.97, -4.40, 0.00, 284.34, 0.07, 0.02

ATT, 248494208, 7.32, -4.48, -1.97, -4.39, 0.00, 284.41, 0.07, 0.03

ATT, 248513760, 7.32, -4.51, -1.97, -4.37, 0.00, 284.45, 0.07, 0.03

ATT, 248534001, 7.32, -4.55, -1.97, -4.35, 0.00, 284.48, 0.07, 0.03

ATT, 248553758, 7.32, -4.60, -1.97, -4.33, 0.00, 284.50, 0.07, 0.03

ATT, 248573749, 7.32, -4.65, -1.97, -4.30, 0.00, 284.50, 0.07, 0.03

ATT, 248593698, 7.32, -4.72, -1.97, -4.26, 0.00, 284.48, 0.07, 0.03

ATT, 248614199, 7.32, -4.75, -1.97, -4.22, 0.00, 284.46, 0.07, 0.03

ATT, 248634258, 7.32, -4.75, -1.97, -4.20, 0.00, 284.42, 0.07, 0.03

ATT, 248653902, 7.32, -4.84, -1.97, -4.22, 0.00, 284.38, 0.07, 0.04

ATT, 248674683, 7.32, -4.85, -1.97, -4.25, 0.00, 284.32, 0.08, 0.04

ATT, 248693969, 7.32, -4.94, -1.97, -4.34, 0.00, 284.27, 0.08, 0.05

ATT, 248712573, 7.32, -4.98, -1.97, -4.42, 0.00, 284.19, 0.08, 0.05

ATT, 248734212, 7.32, -5.03, -1.97, -4.51, 0.00, 284.12, 0.08, 0.06

ATT, 248753787, 7.32, -5.12, -1.97, -4.58, 0.00, 284.04, 0.08, 0.07

ATT, 248773821, 7.32, -5.18, -1.97, -4.65, 0.00, 283.90, 0.08, 0.08

ATT, 248793789, 7.32, -5.23, -1.97, -4.72, 0.00, 283.76, 0.08, 0.09

ATT, 248813846, 7.32, -5.27, -1.97, -4.77, 0.00, 283.61, 0.08, 0.09

ATT, 248834418, 7.32, -5.28, -1.97, -4.82, 0.00, 283.42, 0.08, 0.09

ATT, 248854062, 7.32, -5.27, -1.97, -4.85, 0.00, 283.25, 0.08, 0.08

ATT, 248874751, 7.32, -5.23, -1.97, -4.88, 0.00, 283.08, 0.10, 0.08

ATT, 248893846, 7.32, -5.11, -1.97, -4.86, 0.00, 282.90, 0.10, 0.07

ATT, 248913754, 7.32, -5.04, -1.97, -4.82, 0.00, 282.75, 0.10, 0.07

ATT, 248934103, 7.32, -4.96, -1.97, -4.78, 0.00, 282.62, 0.10, 0.06

ATT, 248953893, 7.32, -4.77, -1.97, -4.75, 0.00, 282.50, 0.10, 0.04

ATT, 248974210, 7.32, -4.58, -1.97, -4.73, 0.00, 282.42, 0.10, 0.03

ATT, 248992335, 7.32, -4.51, -1.97, -4.71, 0.00, 282.38, 0.10, 0.03

ATT, 249013914, 7.32, -4.33, -1.97, -4.70, 0.00, 282.32, 0.10, 0.03

ATT, 249034159, 7.32, -4.20, -1.97, -4.72, 0.00, 282.31, 0.10, 0.02

ATT, 249053940, 7.32, -4.04, -1.97, -4.70, 0.00, 282.29, 0.10, 0.02

ATT, 249073952, 7.32, -3.94, -1.97, -4.70, 0.00, 282.29, 0.10, 0.01

ATT, 249093935, 7.32, -3.82, -1.97, -4.64, 0.00, 282.27, 0.10, 0.01

ATT, 249114006, 7.32, -3.69, -1.97, -4.56, 0.00, 282.27, 0.10, 0.01

ATT, 249134909, 7.32, -3.62, -1.97, -4.48, 0.00, 282.26, 0.09, 0.00

ATT, 249154016, 7.32, -3.53, -1.97, -4.42, 0.00, 282.25, 0.09, 0.00

ATT, 249173995, 7.32, -3.44, -1.97, -4.40, 0.00, 282.27, 0.09, 0.00

ATT, 249192451, 7.32, -3.38, -1.97, -4.39, 0.00, 282.31, 0.09, 0.00

ATT, 249214064, 7.32, -3.32, -1.97, -4.40, 0.00, 282.37, 0.09, 0.00

ATT, 249234202, 7.32, -3.26, -1.97, -4.41, 0.00, 282.45, 0.09, 0.00

ATT, 249254048, 7.32, -3.21, -1.97, -4.41, 0.00, 282.54, 0.09, 0.00

ATT, 249274644, 7.32, -3.15, -1.97, -4.41, 0.00, 282.64, 0.10, 0.00

ATT, 249293879, 7.32, -3.10, -1.97, -4.39, 0.00, 282.72, 0.10, 0.01

ATT, 249313848, 7.32, -3.07, -1.97, -4.36, 0.00, 282.79, 0.10, 0.01

ATT, 249334074, 7.32, -3.06, -1.97, -4.33, 0.00, 282.87, 0.10, 0.01

ATT, 249353858, 7.32, -3.02, -1.97, -4.30, 0.00, 283.00, 0.10, 0.01

ATT, 249373822, 7.32, -2.97, -1.97, -4.28, 0.00, 283.16, 0.10, 0.01

ATT, 249392440, 7.32, -2.93, -1.97, -4.27, 0.00, 283.34, 0.10, 0.01

ATT, 249414059, 7.32, -2.91, -1.97, -4.27, 0.00, 283.52, 0.10, 0.01

ATT, 249434379, 7.32, -2.89, -1.97, -4.28, 0.00, 283.69, 0.10, 0.01

ATT, 249453917, 7.32, -2.87, -1.97, -4.30, 0.00, 283.84, 0.10, 0.02

ATT, 249474922, 7.32, -2.86, -1.97, -4.31, 0.00, 283.97, 0.09, 0.02

ATT, 249493825, 7.32, -2.84, -1.97, -4.29, 0.00, 284.06, 0.09, 0.02

ATT, 249514017, 7.32, -2.86, -1.97, -4.25, 0.00, 284.15, 0.09, 0.02

ATT, 249534111, 7.32, -2.88, -1.97, -4.18, 0.00, 284.21, 0.09, 0.02

ATT, 249553938, 7.32, -2.89, -1.97, -4.09, 0.00, 284.25, 0.09, 0.02

ATT, 249573783, 7.32, -2.90, -1.97, -3.98, 0.00, 284.29, 0.09, 0.02

ATT, 249593959, 7.32, -2.92, -1.97, -3.86, 0.00, 284.31, 0.09, 0.02

ATT, 249613859, 7.32, -2.93, -1.97, -3.72, 0.00, 284.32, 0.09, 0.02

ATT, 249634502, 7.32, -2.89, -1.97, -3.61, 0.00, 284.32, 0.09, 0.02

ATT, 249653996, 7.32, -2.83, -1.97, -3.52, 0.00, 284.32, 0.09, 0.02

ATT, 249674817, 7.32, -2.75, -1.97, -3.43, 0.00, 284.34, 0.08, 0.02

ATT, 249693844, 7.32, -2.65, -1.97, -3.37, 0.00, 284.38, 0.08, 0.02

ATT, 249713745, 7.32, -2.50, -1.97, -3.37, 0.00, 284.46, 0.08, 0.02

ATT, 249734075, 7.32, -2.30, -1.97, -3.41, 0.00, 284.58, 0.08, 0.02

ATT, 249753787, 7.32, -2.07, -1.97, -3.48, 0.00, 284.73, 0.08, 0.02

ATT, 249773901, 7.32, -1.79, -1.97, -3.56, 0.00, 284.92, 0.08, 0.03

ATT, 249793727, 7.32, -1.49, -1.97, -3.65, 0.00, 285.15, 0.08, 0.03

ATT, 249813758, 7.32, -1.16, -1.97, -3.78, 0.00, 285.38, 0.08, 0.03

ATT, 249834570, 7.32, -0.78, -1.97, -3.95, 0.00, 285.63, 0.08, 0.04

ATT, 249854031, 7.32, -0.40, -1.97, -4.11, 0.00, 285.89, 0.08, 0.04

ATT, 249873398, 7.32, -0.01, -1.97, -4.28, 0.00, 286.18, 0.09, 0.04

ATT, 249893902, 7.32, 0.36, -1.97, -4.48, 0.00, 286.47, 0.09, 0.05

ATT, 249913984, 7.32, 0.70, -1.97, -4.72, 0.00, 286.75, 0.09, 0.05

ATT, 249933881, 7.32, 1.03, -1.97, -4.94, 0.00, 287.03, 0.09, 0.06

ATT, 249953900, 7.32, 1.36, -1.97, -5.16, 0.00, 287.28, 0.09, 0.06

ATT, 249974012, 7.32, 1.63, -1.97, -5.38, 0.00, 287.48, 0.09, 0.06

ATT, 249993890, 7.32, 1.86, -1.97, -5.59, 0.00, 287.64, 0.09, 0.07

ATT, 250013958, 7.32, 2.10, -1.97, -5.76, 0.00, 287.78, 0.09, 0.07

ATT, 250034571, 7.32, 2.32, -1.97, -5.89, 0.00, 287.90, 0.09, 0.07

ATT, 250053829, 7.32, 2.48, -1.97, -5.99, 0.00, 287.99, 0.09, 0.07

ATT, 250072464, 7.32, 2.63, -1.97, -6.06, 0.00, 288.02, 0.09, 0.07

ATT, 250094912, 7.32, 2.73, -1.97, -6.10, 0.00, 288.02, 0.08, 0.07

ATT, 250113847, 7.32, 2.87, -1.97, -6.08, 0.00, 288.01, 0.08, 0.07

ATT, 250134051, 7.32, 2.98, -1.97, -6.01, 0.00, 287.99, 0.08, 0.07

ATT, 250153839, 7.32, 3.06, -1.97, -5.93, 0.00, 287.96, 0.08, 0.06

ATT, 250174203, 7.32, 3.11, -1.97, -5.83, 0.00, 287.94, 0.08, 0.06

ATT, 250193931, 7.32, 3.10, -1.97, -5.72, 0.00, 287.95, 0.08, 0.06

ATT, 250213732, 7.32, 3.06, -1.97, -5.61, 0.00, 287.98, 0.08, 0.06

ATT, 250234111, 7.32, 3.02, -1.97, -5.50, 0.00, 288.03, 0.08, 0.05

ATT, 250254930, 7.32, 2.99, -1.97, -5.41, 0.00, 288.09, 0.10, 0.05

ATT, 250273858, 7.32, 2.93, -1.97, -5.35, 0.00, 288.15, 0.10, 0.05

ATT, 250292268, 7.32, 2.82, -1.97, -5.30, 0.00, 288.22, 0.10, 0.05

ATT, 250313977, 7.32, 2.71, -1.97, -5.24, 0.00, 288.32, 0.10, 0.05

ATT, 250334196, 7.32, 2.60, -1.97, -5.19, 0.00, 288.44, 0.10, 0.05

ATT, 250353683, 7.32, 2.47, -1.97, -5.14, 0.00, 288.59, 0.10, 0.05

ATT, 250373752, 7.32, 2.31, -1.97, -5.11, 0.00, 288.75, 0.10, 0.06

ATT, 250393694, 7.32, 2.18, -1.97, -5.09, 0.00, 288.91, 0.10, 0.06

ATT, 250413961, 7.32, 2.07, -1.97, -5.08, 0.00, 289.09, 0.10, 0.06

ATT, 250433934, 7.32, 1.97, -1.97, -5.07, 0.00, 289.26, 0.10, 0.06

ATT, 250454875, 7.32, 1.81, -1.97, -5.08, 0.00, 289.44, 0.10, 0.06

ATT, 250474181, 7.32, 1.62, -1.97, -5.09, 0.00, 289.64, 0.10, 0.06

ATT, 250493891, 7.32, 1.55, -1.97, -5.09, 0.00, 289.89, 0.10, 0.07

ATT, 250512593, 7.32, 1.50, -1.97, -5.10, 0.00, 290.17, 0.10, 0.07

ATT, 250534270, 7.32, 1.34, -1.97, -5.10, 0.00, 290.45, 0.10, 0.07

ATT, 250553712, 7.32, 1.22, -1.97, -5.09, 0.00, 290.76, 0.10, 0.07

ATT, 250573724, 7.32, 1.21, -1.97, -5.08, 0.00, 291.12, 0.10, 0.07

ATT, 250593715, 7.32, 1.28, -1.97, -5.05, 0.00, 291.52, 0.10, 0.08

ATT, 250614067, 7.32, 1.30, -1.97, -4.99, 0.00, 291.91, 0.10, 0.08

ATT, 250634108, 7.32, 1.29, -1.97, -4.90, 0.00, 292.31, 0.10, 0.08

ATT, 250655187, 7.32, 1.34, -1.97, -4.81, 0.00, 292.72, 0.09, 0.08

ATT, 250673995, 7.32, 1.43, -1.97, -4.76, 0.00, 293.13, 0.09, 0.09

ATT, 250693905, 7.32, 1.51, -1.97, -4.72, 0.00, 293.52, 0.09, 0.09

ATT, 250713844, 7.32, 1.58, -1.97, -4.70, 0.00, 293.94, 0.09, 0.09

ATT, 250733859, 7.32, 1.64, -1.97, -4.71, 0.00, 294.33, 0.09, 0.09

ATT, 250752212, 7.32, 1.77, -1.97, -4.75, 0.00, 294.72, 0.09, 0.09

ATT, 250773987, 7.32, 2.00, -1.97, -4.81, 0.00, 295.11, 0.09, 0.10

ATT, 250793897, 7.32, 2.17, -1.97, -4.90, 0.00, 295.48, 0.09, 0.10

ATT, 250813780, 7.32, 2.29, -1.97, -5.01, 0.00, 295.78, 0.09, 0.10

ATT, 250833980, 7.32, 2.50, -1.97, -5.15, 0.00, 296.06, 0.09, 0.10

ATT, 250854636, 7.32, 2.85, -1.97, -5.32, 0.00, 296.37, 0.08, 0.10

ATT, 250874422, 7.32, 3.21, -1.97, -5.51, 0.00, 296.67, 0.08, 0.10

ATT, 250893927, 7.32, 3.48, -1.97, -5.76, 0.00, 296.92, 0.08, 0.10

ATT, 250914062, 7.32, 3.74, -1.97, -6.07, 0.00, 297.14, 0.08, 0.11

ATT, 250934032, 7.32, 4.04, -1.97, -6.43, 0.00, 297.34, 0.08, 0.11

ATT, 250953768, 7.32, 4.41, -1.97, -6.85, 0.00, 297.53, 0.08, 0.11

ATT, 250973907, 7.32, 4.70, -1.97, -7.28, 0.00, 297.70, 0.08, 0.11

ATT, 250993977, 7.32, 4.85, -1.97, -7.71, 0.00, 297.86, 0.08, 0.11

ATT, 251013940, 7.32, 4.96, -1.97, -8.15, 0.00, 298.05, 0.08, 0.12

ATT, 251034437, 7.32, 5.05, -1.97, -8.56, 0.00, 298.26, 0.08, 0.11

ATT, 251054788, 7.32, 5.13, -1.97, -8.95, 0.00, 298.54, 0.08, 0.12

ATT, 251074171, 7.32, 5.17, -1.97, -9.30, 0.00, 298.88, 0.08, 0.12

ATT, 251093770, 7.32, 5.08, -1.97, -9.55, 0.00, 299.24, 0.08, 0.12

ATT, 251113792, 7.32, 4.88, -1.97, -9.77, 0.00, 299.61, 0.08, 0.13

ATT, 251134051, 7.32, 4.67, -1.97, -9.95, 0.00, 299.97, 0.08, 0.12

ATT, 251154032, 7.32, 4.47, -1.97, -10.10, 0.00, 300.34, 0.08, 0.12

ATT, 251173886, 7.32, 4.23, -1.97, -10.19, 0.00, 300.72, 0.08, 0.12

ATT, 251194006, 7.32, 3.88, -1.97, -10.21, 0.00, 301.06, 0.08, 0.13

ATT, 251213997, 7.32, 3.43, -1.97, -10.20, 0.00, 301.36, 0.08, 0.13

ATT, 251233940, 7.32, 2.97, -1.97, -10.17, 0.00, 301.64, 0.08, 0.12

ATT, 251253488, 7.32, 2.52, -1.97, -10.14, 0.00, 301.88, 0.08, 0.12

ATT, 251274479, 7.32, 2.02, -1.97, -10.07, 0.00, 302.10, 0.08, 0.12

ATT, 251294170, 7.32, 1.52, -1.97, -9.99, 0.00, 302.24, 0.08, 0.12

ATT, 251313822, 7.32, 0.98, -1.97, -9.88, 0.00, 302.37, 0.08, 0.12

ATT, 251333954, 7.32, 0.51, -1.97, -9.74, 0.00, 302.48, 0.08, 0.11

ATT, 251353777, 7.32, 0.04, -1.97, -9.60, 0.00, 302.56, 0.08, 0.10

ATT, 251373732, 7.32, -0.39, -1.97, -9.43, 0.00, 302.60, 0.08, 0.10

ATT, 251394130, 7.32, -0.80, -1.97, -9.23, 0.00, 302.59, 0.08, 0.09

ATT, 251413927, 7.32, -1.13, -1.97, -9.00, 0.00, 302.56, 0.08, 0.09

ATT, 251433894, 7.32, -1.40, -1.97, -8.78, 0.00, 302.51, 0.08, 0.09

ATT, 251454637, 7.32, -1.68, -1.97, -8.55, 0.00, 302.43, 0.11, 0.08

ATT, 251474409, 7.32, -1.90, -1.97, -8.27, 0.00, 302.30, 0.11, 0.08

ATT, 251493868, 7.32, -2.03, -1.97, -8.03, 0.00, 302.17, 0.11, 0.07

ATT, 251512606, 7.32, -2.14, -1.97, -7.80, 0.00, 302.03, 0.11, 0.07

ATT, 251534079, 7.32, -2.26, -1.97, -7.62, 0.00, 301.86, 0.11, 0.07

ATT, 251553848, 7.32, -2.35, -1.97, -7.47, 0.00, 301.68, 0.11, 0.06

ATT, 251573768, 7.32, -2.43, -1.97, -7.33, 0.00, 301.48, 0.11, 0.06

ATT, 251593736, 7.32, -2.49, -1.97, -7.21, 0.00, 301.28, 0.11, 0.05

ATT, 251613971, 7.32, -2.52, -1.97, -7.10, 0.00, 301.07, 0.11, 0.05

ATT, 251634130, 7.32, -2.55, -1.97, -6.99, 0.00, 300.88, 0.11, 0.05

ATT, 251654501, 7.32, -2.60, -1.97, -6.90, 0.00, 300.70, 0.13, 0.05

ATT, 251674090, 7.32, -2.71, -1.97, -6.79, 0.00, 300.53, 0.13, 0.04

ATT, 251693865, 7.32, -2.78, -1.97, -6.72, 0.00, 300.40, 0.13, 0.04

ATT, 251712448, 7.32, -2.83, -1.97, -6.67, 0.00, 300.27, 0.13, 0.04

ATT, 251734199, 7.32, -2.90, -1.97, -6.61, 0.00, 300.12, 0.13, 0.04

ATT, 251754129, 7.32, -2.98, -1.97, -6.55, 0.00, 299.98, 0.13, 0.04

ATT, 251773967, 7.32, -3.02, -1.97, -6.47, 0.00, 299.86, 0.13, 0.04

ATT, 251793609, 7.32, -3.05, -1.97, -6.40, 0.00, 299.76, 0.13, 0.04

ATT, 251813839, 7.32, -3.11, -1.97, -6.33, 0.00, 299.67, 0.13, 0.04

ATT, 251833931, 7.32, -3.20, -1.97, -6.27, 0.00, 299.61, 0.13, 0.04

ATT, 251853765, 7.32, -3.28, -1.97, -6.21, 0.00, 299.56, 0.13, 0.04

ATT, 251874556, 7.32, -3.37, -1.97, -6.16, 0.00, 299.53, 0.13, 0.04

ATT, 251894033, 7.32, -3.47, -1.97, -6.19, 0.00, 299.50, 0.13, 0.04

ATT, 251914339, 7.32, -3.61, -1.97, -6.22, 0.00, 299.48, 0.13, 0.04

ATT, 251934185, 7.32, -3.78, -1.97, -6.25, 0.00, 299.44, 0.13, 0.04

ATT, 251954097, 7.32, -3.93, -1.97, -6.26, 0.00, 299.42, 0.13, 0.04

ATT, 251974061, 7.32, -4.07, -1.97, -6.29, 0.00, 299.40, 0.13, 0.04

ATT, 251993918, 7.32, -4.23, -1.97, -6.34, 0.00, 299.37, 0.13, 0.04

ATT, 252013804, 7.32, -4.42, -1.97, -6.39, 0.00, 299.33, 0.13, 0.04

ATT, 252034219, 7.32, -4.58, -1.97, -6.44, 0.00, 299.29, 0.13, 0.04

ATT, 252053868, 7.32, -4.72, -1.97, -6.48, 0.00, 299.24, 0.13, 0.04

ATT, 252074545, 7.32, -4.85, -1.97, -6.52, 0.00, 299.20, 0.12, 0.04

ATT, 252094226, 7.32, -4.95, -1.97, -6.52, 0.00, 299.14, 0.12, 0.04

ATT, 252113685, 7.32, -5.04, -1.97, -6.52, 0.00, 299.08, 0.12, 0.04

ATT, 252134381, 7.32, -5.13, -1.97, -6.53, 0.00, 299.03, 0.12, 0.04

ATT, 252153951, 7.32, -5.20, -1.97, -6.53, 0.00, 299.01, 0.12, 0.04

ATT, 252173793, 7.32, -5.25, -1.97, -6.52, 0.00, 299.02, 0.12, 0.04

ATT, 252194119, 7.32, -5.29, -1.97, -6.52, 0.00, 299.06, 0.12, 0.04

ATT, 252213798, 7.32, -5.32, -1.97, -6.52, 0.00, 299.11, 0.12, 0.04

ATT, 252233931, 7.32, -5.34, -1.97, -6.52, 0.00, 299.18, 0.12, 0.04

ATT, 252253680, 7.32, -5.32, -1.97, -6.55, 0.00, 299.25, 0.11, 0.04

ATT, 252273914, 7.32, -5.30, -1.97, -6.57, 0.00, 299.33, 0.11, 0.04

ATT, 252294211, 7.32, -5.28, -1.97, -6.60, 0.00, 299.42, 0.11, 0.04

ATT, 252313697, 7.32, -5.23, -1.97, -6.62, 0.00, 299.52, 0.11, 0.04

ATT, 252333987, 7.32, -5.16, -1.97, -6.64, 0.00, 299.65, 0.11, 0.04

ATT, 252353660, 7.32, -5.12, -1.97, -6.68, 0.00, 299.76, 0.11, 0.04

ATT, 252373863, 7.32, -5.10, -1.97, -6.72, 0.00, 299.86, 0.11, 0.05

ATT, 252394032, 7.32, -5.06, -1.97, -6.74, 0.00, 299.95, 0.11, 0.05

ATT, 252413853, 7.32, -5.02, -1.97, -6.71, 0.00, 300.03, 0.11, 0.05

ATT, 252434448, 7.32, -4.98, -1.97, -6.65, 0.00, 300.12, 0.11, 0.05

ATT, 252454697, 7.32, -4.89, -1.97, -6.58, 0.00, 300.20, 0.10, 0.05

ATT, 252473865, 7.32, -4.84, -1.97, -6.57, 0.00, 300.25, 0.10, 0.05

ATT, 252492522, 7.32, -4.84, -1.97, -6.55, 0.00, 300.26, 0.10, 0.05

ATT, 252514156, 7.32, -4.78, -1.97, -6.48, 0.00, 300.23, 0.10, 0.05

ATT, 252534159, 7.32, -4.70, -1.97, -6.33, 0.00, 300.19, 0.10, 0.05

ATT, 252553841, 7.32, -4.65, -1.97, -6.13, 0.00, 300.12, 0.10, 0.05

ATT, 252573868, 7.32, -4.60, -1.97, -5.88, 0.00, 300.00, 0.10, 0.05

ATT, 252593704, 7.32, -4.42, -1.97, -5.62, 0.00, 299.91, 0.10, 0.04

ATT, 252613949, 7.32, -4.30, -1.97, -5.41, 0.00, 299.85, 0.10, 0.04

ATT, 252634136, 7.32, -4.29, -1.97, -5.26, 0.00, 299.73, 0.10, 0.04

ATT, 252653974, 7.32, -4.39, -1.97, -5.13, 0.00, 299.60, 0.10, 0.04

ATT, 252674688, 7.32, -4.58, -1.97, -4.98, 0.00, 299.49, 0.09, 0.04

ATT, 252694198, 7.32, -4.78, -1.97, -4.74, 0.00, 299.46, 0.09, 0.04

ATT, 252713794, 7.32, -5.06, -1.97, -4.52, 0.00, 299.62, 0.09, 0.04

ATT, 252734089, 7.32, -5.47, -1.97, -4.34, 0.00, 300.02, 0.09, 0.05

ATT, 252753868, 7.32, -5.87, -1.97, -4.25, 0.00, 300.60, 0.09, 0.06

ATT, 252773856, 7.32, -6.13, -1.97, -4.18, 0.00, 301.31, 0.09, 0.06

ATT, 252793736, 7.32, -6.15, -1.97, -4.17, 0.00, 302.01, 0.09, 0.07

ATT, 252813656, 7.32, -6.34, -1.97, -4.15, 0.00, 302.50, 0.09, 0.08

ATT, 252834195, 7.32, -6.44, -1.97, -4.17, 0.00, 302.89, 0.09, 0.09

ATT, 252854754, 7.32, -6.51, -1.97, -4.08, 0.00, 303.26, 0.17, 0.09

ATT, 252873999, 7.32, -6.54, -1.97, -3.68, 0.00, 303.68, 0.17, 0.10

ATT, 252894120, 7.32, -6.60, -1.97, -3.02, 0.00, 304.12, 0.17, 0.10

ATT, 252914193, 7.32, -6.46, -1.97, -2.07, 0.00, 304.69, 0.17, 0.10

ATT, 252934315, 7.32, -6.35, -1.97, -1.09, 0.00, 305.29, 0.17, 0.11

ATT, 252953901, 7.32, -6.38, -1.97, -0.07, 0.00, 305.88, 0.17, 0.12

ATT, 252974140, 7.32, -6.40, -1.97, 0.78, 0.00, 306.32, 0.17, 0.12

ATT, 252992379, 7.32, -6.39, -1.97, 1.44, 0.00, 306.62, 0.17, 0.12

ATT, 253013911, 7.32, -6.44, -1.97, 1.87, 0.00, 306.76, 0.17, 0.12

ATT, 253033959, 7.32, -6.74, -1.97, 2.06, 0.00, 306.84, 0.17, 0.12

ATT, 253054532, 7.32, -7.18, -1.97, 2.11, 0.00, 307.12, 0.19, 0.12

ATT, 253073803, 7.32, -7.62, -1.97, 2.09, 0.00, 307.87, 0.19, 0.13

ATT, 253093825, 7.32, -7.87, -1.97, 2.29, 0.00, 308.81, 0.19, 0.13

ATT, 253114225, 7.32, -8.12, -1.97, 2.53, 0.00, 309.79, 0.19, 0.14

ATT, 253134165, 7.32, -8.56, -1.97, 2.76, 0.00, 310.48, 0.19, 0.15

ATT, 253153961, 7.32, -9.19, -1.97, 3.06, 0.00, 310.84, 0.19, 0.16

ATT, 253174110, 7.32, -9.98, -1.97, 3.49, 0.00, 310.88, 0.19, 0.16

ATT, 253194053, 7.32, -10.54, -1.97, 4.01, 0.00, 310.64, 0.19, 0.17

ATT, 253212560, 7.32, -11.05, -1.97, 4.57, 0.00, 310.21, 0.19, 0.17

ATT, 253234050, 7.32, -11.50, -1.97, 5.09, 0.00, 309.55, 0.19, 0.17

ATT, 253254633, 7.32, -12.17, -1.97, 5.72, 0.00, 308.66, 0.22, 0.16

ATT, 253273776, 7.32, -12.85, -1.97, 6.36, 0.00, 307.56, 0.22, 0.15

